[patchwork4.jpg]
filters=Invert=1;finetune2=1,0.175439,0.168421,0.000000,00000000,1.000000;enhance=1;
moddate=74954f810ba9d301
width=1800
height=1055
textactive=0
[fire-orange-emergency-burning-1068x734.jpg]
filters=enhance=1;HeatMap=1,0.000000,0.000000;
moddate=3cc36e4a0ea9d301
width=1068
height=734
textactive=0
[books.jpg]
filters=Sixties=1,24.561403,ffe8e8e8,0;PicnikTint=1,0.000000,fffae0ed;
moddate=d838744510a9d301
width=4413
height=2942
textactive=0
